10
서울 0 225 100 0 0 0 0 0 0 0 
강릉 225 0 257 243 0 0 240 341 0 0
천안 100 257 0 55 81 87 0 0 0 0
청주 0 243 55 0 47 0 0 0 0 0
대전 0 0 81 47 0 54 0 153 0 0 
논산 0 0 87 0 54 0 0 0 135 0 
포항 0 240 0 0 0 0 0 88 0 125
대구 0 341 0 0 153 0 88 0 212 109
광주 0 0 0 0 169 135 0 212 0 262
부산 0 0 0 0 0 0 125 109 262 0